286
2.000000 -0.500000 -17.000000
2.000000 -0.500000 -18.000000
2.000000 0.500000 -17.000000
2.000000 0.500000 -18.000000
-18.000000 0.500000 -17.000000
-18.000000 0.500000 -18.000000
-18.000000 -0.500000 -17.000000
-18.000000 -0.500000 -18.000000
-9.000000 -0.500000 8.000000
-8.000000 -0.500000 8.000000
-9.000000 0.500000 8.000000
-8.000000 0.500000 8.000000
-9.000000 0.500000 -4.000000
-8.000000 0.500000 -4.000000
-9.000000 -0.500000 -4.000000
-8.000000 -0.500000 -4.000000
11.000000 -0.500000 10.000000
12.000000 -0.500000 10.000000
11.000000 0.500000 10.000000
12.000000 0.500000 10.000000
11.000000 0.500000 -5.000000
12.000000 0.500000 -5.000000
11.000000 -0.500000 -5.000000
12.000000 -0.500000 -5.000000
-12.000000 -0.500000 11.000000
-11.000000 -0.500000 11.000000
-12.000000 0.500000 11.000000
-11.000000 0.500000 11.000000
-12.000000 0.500000 -11.000000
-11.000000 0.500000 -11.000000
-12.000000 -0.500000 -11.000000
-11.000000 -0.500000 -11.000000
-9.000000 -0.500000 -6.000000
-8.000000 -0.500000 -6.000000
-9.000000 0.500000 -6.000000
-8.000000 0.500000 -6.000000
-9.000000 0.500000 -8.000000
-8.000000 0.500000 -8.000000
-9.000000 -0.500000 -8.000000
-8.000000 -0.500000 -8.000000
3.000000 -0.500000 -6.000000
4.000000 -0.500000 -6.000000
3.000000 0.500000 -6.000000
4.000000 0.500000 -6.000000
3.000000 0.500000 -8.000000
4.000000 0.500000 -8.000000
3.000000 -0.500000 -8.000000
4.000000 -0.500000 -8.000000
9.000000 -0.500000 -8.000000
9.000000 -0.500000 -9.000000
9.000000 0.500000 -8.000000
9.000000 0.500000 -9.000000
-9.000000 0.500000 -9.000000
-9.000000 -0.500000 -9.000000
8.000000 -0.500000 8.000000
8.000000 -0.500000 7.000000
8.000000 0.500000 8.000000
8.000000 0.500000 7.000000
-8.000000 0.500000 7.000000
-8.000000 -0.500000 7.000000
9.000000 -0.500000 8.000000
9.000000 0.500000 8.000000
8.000000 0.500000 -8.000000
8.000000 -0.500000 -8.000000
5.000000 -0.500000 -2.000000
6.000000 -0.500000 -2.000000
5.000000 0.500000 -2.000000
6.000000 0.500000 -2.000000
5.000000 0.500000 -6.000000
6.000000 0.500000 -6.000000
5.000000 -0.500000 -6.000000
6.000000 -0.500000 -6.000000
18.000000 -0.500000 -17.000000
18.000000 -0.500000 -18.000000
18.000000 0.500000 -17.000000
18.000000 0.500000 -18.000000
4.000000 0.500000 -17.000000
4.000000 0.500000 -18.000000
4.000000 -0.500000 -17.000000
4.000000 -0.500000 -18.000000
-15.000000 -0.500000 13.000000
-14.000000 -0.500000 13.000000
-15.000000 0.500000 13.000000
-14.000000 0.500000 13.000000
-15.000000 0.500000 4.000000
-14.000000 0.500000 4.000000
-15.000000 -0.500000 4.000000
-14.000000 -0.500000 4.000000
18.000000 -0.500000 17.000000
18.000000 -0.500000 16.000000
18.000000 0.500000 17.000000
18.000000 0.500000 16.000000
-18.000000 0.500000 17.000000
-18.000000 0.500000 16.000000
-18.000000 -0.500000 17.000000
-18.000000 -0.500000 16.000000
-17.000000 -0.500000 16.000000
-17.000000 0.500000 16.000000
-17.000000 0.500000 -17.000000
-17.000000 -0.500000 -17.000000
10.000000 -0.500000 14.000000
15.000000 -0.500000 14.000000
10.000000 0.500000 14.000000
15.000000 0.500000 14.000000
10.000000 0.500000 13.000000
15.000000 0.500000 13.000000
10.000000 -0.500000 13.000000
15.000000 -0.500000 13.000000
1.000000 -0.500000 13.000000
2.000000 -0.500000 13.000000
1.000000 0.500000 13.000000
2.000000 0.500000 13.000000
1.000000 0.500000 11.000000
2.000000 0.500000 11.000000
1.000000 -0.500000 11.000000
2.000000 -0.500000 11.000000
-15.000000 -0.500000 2.000000
-14.000000 -0.500000 2.000000
-15.000000 0.500000 2.000000
-14.000000 0.500000 2.000000
-15.000000 0.500000 -14.000000
-14.000000 0.500000 -14.000000
-15.000000 -0.500000 -14.000000
-14.000000 -0.500000 -14.000000
17.000000 -0.500000 16.000000
17.000000 0.500000 16.000000
17.000000 0.500000 -17.000000
17.000000 -0.500000 -17.000000
14.000000 -0.500000 13.000000
14.000000 0.500000 13.000000
14.000000 0.500000 -14.000000
15.000000 0.500000 -14.000000
14.000000 -0.500000 -14.000000
15.000000 -0.500000 -14.000000
8.000000 -0.500000 14.000000
8.000000 -0.500000 13.000000
8.000000 0.500000 14.000000
8.000000 0.500000 13.000000
-15.000000 0.500000 14.000000
-15.000000 -0.500000 14.000000
2.000000 -0.500000 -12.000000
3.000000 -0.500000 -12.000000
2.000000 0.500000 -12.000000
3.000000 0.500000 -12.000000
2.000000 0.500000 -14.000000
3.000000 0.500000 -14.000000
2.000000 -0.500000 -14.000000
3.000000 -0.500000 -14.000000
15.000000 -0.500000 -15.000000
15.000000 0.500000 -15.000000
-15.000000 0.500000 -15.000000
-15.000000 -0.500000 -15.000000
-2.000000 -0.500000 -11.000000
-2.000000 -0.500000 -12.000000
-2.000000 0.500000 -11.000000
-2.000000 0.500000 -12.000000
-12.000000 0.500000 -12.000000
-12.000000 -0.500000 -12.000000
-8.000000 -0.500000 16.000000
-7.000000 -0.500000 16.000000
-8.000000 0.500000 16.000000
-7.000000 0.500000 16.000000
-8.000000 0.500000 14.000000
-7.000000 0.500000 14.000000
-8.000000 -0.500000 14.000000
-7.000000 -0.500000 14.000000
-14.000000 -0.500000 0.000000
-12.000000 -0.500000 0.000000
-14.000000 0.500000 0.000000
-12.000000 0.500000 0.000000
-14.000000 0.500000 -1.000000
-12.000000 0.500000 -1.000000
-14.000000 -0.500000 -1.000000
-12.000000 -0.500000 -1.000000
-17.000000 -0.500000 -10.000000
-15.000000 -0.500000 -10.000000
-17.000000 0.500000 -10.000000
-15.000000 0.500000 -10.000000
-17.000000 0.500000 -11.000000
-15.000000 0.500000 -11.000000
-17.000000 -0.500000 -11.000000
-15.000000 -0.500000 -11.000000
11.000000 -0.500000 -7.000000
12.000000 -0.500000 -7.000000
11.000000 0.500000 -7.000000
12.000000 0.500000 -7.000000
11.000000 0.500000 -11.000000
12.000000 0.500000 -11.000000
11.000000 -0.500000 -11.000000
12.000000 -0.500000 -11.000000
12.000000 -0.500000 -12.000000
12.000000 0.500000 -12.000000
0.000000 0.500000 -11.000000
0.000000 0.500000 -12.000000
0.000000 -0.500000 -11.000000
0.000000 -0.500000 -12.000000
2.000000 -0.500000 1.000000
3.000000 -0.500000 1.000000
2.000000 0.500000 1.000000
3.000000 0.500000 1.000000
2.000000 0.500000 -2.000000
3.000000 0.500000 -2.000000
2.000000 -0.500000 -2.000000
3.000000 -0.500000 -2.000000
-3.000000 -0.500000 1.000000
-2.000000 -0.500000 1.000000
-3.000000 0.500000 1.000000
-2.000000 0.500000 1.000000
-3.000000 0.500000 -2.000000
-2.000000 0.500000 -2.000000
-3.000000 -0.500000 -2.000000
-2.000000 -0.500000 -2.000000
-3.000000 0.500000 -3.000000
3.000000 0.500000 -3.000000
-3.000000 -0.500000 -3.000000
3.000000 -0.500000 -3.000000
-3.000000 -0.500000 2.000000
-1.000000 -0.500000 2.000000
-3.000000 0.500000 2.000000
-1.000000 0.500000 2.000000
-1.000000 0.500000 1.000000
-1.000000 -0.500000 1.000000
12.000000 -0.500000 11.000000
12.000000 0.500000 11.000000
-3.000000 0.500000 11.000000
-3.000000 0.500000 10.000000
-3.000000 -0.500000 11.000000
-3.000000 -0.500000 10.000000
-5.000000 -0.500000 11.000000
-5.000000 0.500000 11.000000
-11.000000 0.500000 10.000000
-5.000000 0.500000 10.000000
-11.000000 -0.500000 10.000000
-5.000000 -0.500000 10.000000
1.000000 -0.500000 2.000000
3.000000 -0.500000 2.000000
1.000000 0.500000 2.000000
3.000000 0.500000 2.000000
1.000000 0.500000 1.000000
1.000000 -0.500000 1.000000
-6.000000 -0.500000 -1.000000
-5.000000 -0.500000 -1.000000
-6.000000 0.500000 -1.000000
-5.000000 0.500000 -1.000000
-6.000000 0.500000 -5.000000
-5.000000 0.500000 -5.000000
-6.000000 -0.500000 -5.000000
-5.000000 -0.500000 -5.000000
-6.000000 -0.500000 5.000000
6.000000 -0.500000 5.000000
-6.000000 0.500000 5.000000
6.000000 0.500000 5.000000
-6.000000 0.500000 4.000000
6.000000 0.500000 4.000000
-6.000000 -0.500000 4.000000
6.000000 -0.500000 4.000000
5.000000 -0.500000 -5.000000
5.000000 0.500000 -5.000000
-6.000000 0.500000 -6.000000
-6.000000 -0.500000 -6.000000
6.000000 -0.500000 3.000000
8.000000 -0.500000 3.000000
6.000000 0.500000 3.000000
8.000000 0.500000 3.000000
6.000000 0.500000 2.000000
8.000000 0.500000 2.000000
6.000000 -0.500000 2.000000
8.000000 -0.500000 2.000000
-5.000000 -0.500000 4.000000
-5.000000 0.500000 4.000000
-6.000000 0.500000 1.000000
-5.000000 0.500000 1.000000
-6.000000 -0.500000 1.000000
-5.000000 -0.500000 1.000000
-3.000000 -0.500000 4.000000
-2.000000 -0.500000 4.000000
-3.000000 0.500000 4.000000
-2.000000 0.500000 4.000000
-2.000000 0.500000 2.000000
-2.000000 -0.500000 2.000000
5.000000 -0.500000 4.000000
5.000000 0.500000 4.000000
5.000000 0.500000 0.000000
6.000000 0.500000 0.000000
5.000000 -0.500000 0.000000
6.000000 -0.500000 0.000000
588
vt 0.375000 0.000000
vt 0.625000 0.000000
vt 0.375000 0.250000
vt 0.625000 0.250000
vt 0.375000 0.500000
vt 0.625000 0.500000
vt 0.375000 0.750000
vt 0.625000 0.750000
vt 0.375000 1.000000
vt 0.625000 1.000000
vt 0.875000 0.000000
vt 0.875000 0.250000
vt 0.125000 0.000000
vt 0.125000 0.250000
vt 0.375000 0.000000
vt 0.625000 0.000000
vt 0.625000 0.250000
vt 0.375000 0.250000
vt 0.625000 0.500000
vt 0.375000 0.500000
vt 0.625000 0.750000
vt 0.375000 0.750000
vt 0.625000 1.000000
vt 0.375000 1.000000
vt 0.875000 0.000000
vt 0.875000 0.250000
vt 0.125000 0.000000
vt 0.125000 0.250000
vt 0.375000 0.000000
vt 0.625000 0.000000
vt 0.625000 0.250000
vt 0.375000 0.250000
vt 0.625000 0.500000
vt 0.375000 0.500000
vt 0.625000 0.750000
vt 0.375000 0.750000
vt 0.625000 1.000000
vt 0.375000 1.000000
vt 0.875000 0.000000
vt 0.875000 0.250000
vt 0.125000 0.000000
vt 0.125000 0.250000
vt 0.375000 0.000000
vt 0.625000 0.000000
vt 0.625000 0.250000
vt 0.375000 0.250000
vt 0.625000 0.500000
vt 0.375000 0.500000
vt 0.625000 0.750000
vt 0.375000 0.750000
vt 0.625000 1.000000
vt 0.375000 1.000000
vt 0.875000 0.000000
vt 0.875000 0.250000
vt 0.125000 0.000000
vt 0.125000 0.250000
vt 0.375000 0.000000
vt 0.625000 0.000000
vt 0.625000 0.250000
vt 0.375000 0.250000
vt 0.625000 0.500000
vt 0.375000 0.500000
vt 0.625000 0.750000
vt 0.375000 0.750000
vt 0.625000 1.000000
vt 0.375000 1.000000
vt 0.875000 0.000000
vt 0.875000 0.250000
vt 0.125000 0.000000
vt 0.125000 0.250000
vt 0.375000 0.000000
vt 0.625000 0.000000
vt 0.625000 0.250000
vt 0.375000 0.250000
vt 0.625000 0.500000
vt 0.375000 0.500000
vt 0.625000 0.750000
vt 0.375000 0.750000
vt 0.625000 1.000000
vt 0.375000 1.000000
vt 0.875000 0.000000
vt 0.875000 0.250000
vt 0.125000 0.000000
vt 0.125000 0.250000
vt 0.375000 0.000000
vt 0.625000 0.000000
vt 0.625000 0.250000
vt 0.375000 0.250000
vt 0.625000 0.500000
vt 0.375000 0.500000
vt 0.625000 0.750000
vt 0.375000 0.750000
vt 0.625000 1.000000
vt 0.375000 1.000000
vt 0.875000 0.000000
vt 0.875000 0.250000
vt 0.125000 0.000000
vt 0.125000 0.250000
vt 0.375000 0.000000
vt 0.625000 0.000000
vt 0.625000 0.250000
vt 0.375000 0.250000
vt 0.625000 0.500000
vt 0.375000 0.500000
vt 0.625000 0.750000
vt 0.375000 0.750000
vt 0.625000 1.000000
vt 0.375000 1.000000
vt 0.875000 0.000000
vt 0.875000 0.250000
vt 0.125000 0.000000
vt 0.125000 0.250000
vt 0.375000 0.000000
vt 0.625000 0.000000
vt 0.625000 0.250000
vt 0.375000 0.250000
vt 0.625000 0.500000
vt 0.375000 0.500000
vt 0.625000 0.750000
vt 0.375000 0.750000
vt 0.625000 1.000000
vt 0.375000 1.000000
vt 0.875000 0.000000
vt 0.875000 0.250000
vt 0.125000 0.000000
vt 0.125000 0.250000
vt 0.375000 0.000000
vt 0.625000 0.000000
vt 0.625000 0.250000
vt 0.375000 0.250000
vt 0.625000 0.500000
vt 0.375000 0.500000
vt 0.625000 0.750000
vt 0.375000 0.750000
vt 0.625000 1.000000
vt 0.375000 1.000000
vt 0.875000 0.000000
vt 0.875000 0.250000
vt 0.125000 0.000000
vt 0.125000 0.250000
vt 0.375000 0.000000
vt 0.625000 0.000000
vt 0.625000 0.250000
vt 0.375000 0.250000
vt 0.625000 0.500000
vt 0.375000 0.500000
vt 0.625000 0.750000
vt 0.375000 0.750000
vt 0.625000 1.000000
vt 0.375000 1.000000
vt 0.875000 0.000000
vt 0.875000 0.250000
vt 0.125000 0.000000
vt 0.125000 0.250000
vt 0.375000 0.000000
vt 0.625000 0.000000
vt 0.625000 0.250000
vt 0.375000 0.250000
vt 0.625000 0.500000
vt 0.375000 0.500000
vt 0.625000 0.750000
vt 0.375000 0.750000
vt 0.625000 1.000000
vt 0.375000 1.000000
vt 0.875000 0.000000
vt 0.875000 0.250000
vt 0.125000 0.000000
vt 0.125000 0.250000
vt 0.375000 0.000000
vt 0.625000 0.000000
vt 0.625000 0.250000
vt 0.375000 0.250000
vt 0.625000 0.500000
vt 0.375000 0.500000
vt 0.625000 0.750000
vt 0.375000 0.750000
vt 0.625000 1.000000
vt 0.375000 1.000000
vt 0.875000 0.000000
vt 0.875000 0.250000
vt 0.125000 0.000000
vt 0.125000 0.250000
vt 0.375000 0.000000
vt 0.625000 0.000000
vt 0.625000 0.250000
vt 0.375000 0.250000
vt 0.625000 0.500000
vt 0.375000 0.500000
vt 0.625000 0.750000
vt 0.375000 0.750000
vt 0.625000 1.000000
vt 0.375000 1.000000
vt 0.875000 0.000000
vt 0.875000 0.250000
vt 0.125000 0.000000
vt 0.125000 0.250000
vt 0.375000 0.000000
vt 0.625000 0.000000
vt 0.625000 0.250000
vt 0.375000 0.250000
vt 0.625000 0.500000
vt 0.375000 0.500000
vt 0.625000 0.750000
vt 0.375000 0.750000
vt 0.625000 1.000000
vt 0.375000 1.000000
vt 0.875000 0.000000
vt 0.875000 0.250000
vt 0.125000 0.000000
vt 0.125000 0.250000
vt 0.375000 0.000000
vt 0.625000 0.000000
vt 0.625000 0.250000
vt 0.375000 0.250000
vt 0.625000 0.500000
vt 0.375000 0.500000
vt 0.625000 0.750000
vt 0.375000 0.750000
vt 0.625000 1.000000
vt 0.375000 1.000000
vt 0.875000 0.000000
vt 0.875000 0.250000
vt 0.125000 0.000000
vt 0.125000 0.250000
vt 0.375000 0.000000
vt 0.625000 0.000000
vt 0.625000 0.250000
vt 0.375000 0.250000
vt 0.625000 0.500000
vt 0.375000 0.500000
vt 0.625000 0.750000
vt 0.375000 0.750000
vt 0.625000 1.000000
vt 0.375000 1.000000
vt 0.875000 0.000000
vt 0.875000 0.250000
vt 0.125000 0.000000
vt 0.125000 0.250000
vt 0.375000 0.000000
vt 0.625000 0.000000
vt 0.625000 0.250000
vt 0.375000 0.250000
vt 0.625000 0.500000
vt 0.375000 0.500000
vt 0.625000 0.750000
vt 0.375000 0.750000
vt 0.625000 1.000000
vt 0.375000 1.000000
vt 0.875000 0.000000
vt 0.875000 0.250000
vt 0.125000 0.000000
vt 0.125000 0.250000
vt 0.375000 0.000000
vt 0.625000 0.000000
vt 0.625000 0.250000
vt 0.375000 0.250000
vt 0.625000 0.500000
vt 0.375000 0.500000
vt 0.625000 0.750000
vt 0.375000 0.750000
vt 0.625000 1.000000
vt 0.375000 1.000000
vt 0.875000 0.000000
vt 0.875000 0.250000
vt 0.125000 0.000000
vt 0.125000 0.250000
vt 0.375000 0.000000
vt 0.625000 0.000000
vt 0.625000 0.250000
vt 0.375000 0.250000
vt 0.625000 0.500000
vt 0.375000 0.500000
vt 0.625000 0.750000
vt 0.375000 0.750000
vt 0.625000 1.000000
vt 0.375000 1.000000
vt 0.875000 0.000000
vt 0.875000 0.250000
vt 0.125000 0.000000
vt 0.125000 0.250000
vt 0.375000 0.000000
vt 0.625000 0.000000
vt 0.625000 0.250000
vt 0.375000 0.250000
vt 0.625000 0.500000
vt 0.375000 0.500000
vt 0.625000 0.750000
vt 0.375000 0.750000
vt 0.625000 1.000000
vt 0.375000 1.000000
vt 0.875000 0.000000
vt 0.875000 0.250000
vt 0.125000 0.000000
vt 0.125000 0.250000
vt 0.375000 0.000000
vt 0.625000 0.000000
vt 0.625000 0.250000
vt 0.375000 0.250000
vt 0.625000 0.500000
vt 0.375000 0.500000
vt 0.625000 0.750000
vt 0.375000 0.750000
vt 0.625000 1.000000
vt 0.375000 1.000000
vt 0.875000 0.000000
vt 0.875000 0.250000
vt 0.125000 0.000000
vt 0.125000 0.250000
vt 0.375000 0.000000
vt 0.625000 0.000000
vt 0.625000 0.250000
vt 0.375000 0.250000
vt 0.625000 0.500000
vt 0.375000 0.500000
vt 0.625000 0.750000
vt 0.375000 0.750000
vt 0.625000 1.000000
vt 0.375000 1.000000
vt 0.875000 0.000000
vt 0.875000 0.250000
vt 0.125000 0.000000
vt 0.125000 0.250000
vt 0.375000 0.000000
vt 0.625000 0.000000
vt 0.625000 0.250000
vt 0.375000 0.250000
vt 0.625000 0.500000
vt 0.375000 0.500000
vt 0.625000 0.750000
vt 0.375000 0.750000
vt 0.625000 1.000000
vt 0.375000 1.000000
vt 0.875000 0.000000
vt 0.875000 0.250000
vt 0.125000 0.000000
vt 0.125000 0.250000
vt 0.375000 0.000000
vt 0.625000 0.000000
vt 0.625000 0.250000
vt 0.375000 0.250000
vt 0.625000 0.500000
vt 0.375000 0.500000
vt 0.625000 0.750000
vt 0.375000 0.750000
vt 0.625000 1.000000
vt 0.375000 1.000000
vt 0.875000 0.000000
vt 0.875000 0.250000
vt 0.125000 0.000000
vt 0.125000 0.250000
vt 0.375000 0.000000
vt 0.625000 0.000000
vt 0.625000 0.250000
vt 0.375000 0.250000
vt 0.625000 0.500000
vt 0.375000 0.500000
vt 0.625000 0.750000
vt 0.375000 0.750000
vt 0.625000 1.000000
vt 0.375000 1.000000
vt 0.875000 0.000000
vt 0.875000 0.250000
vt 0.125000 0.000000
vt 0.125000 0.250000
vt 0.375000 0.000000
vt 0.625000 0.000000
vt 0.625000 0.250000
vt 0.375000 0.250000
vt 0.625000 0.500000
vt 0.375000 0.500000
vt 0.625000 0.750000
vt 0.375000 0.750000
vt 0.625000 1.000000
vt 0.375000 1.000000
vt 0.875000 0.000000
vt 0.875000 0.250000
vt 0.125000 0.000000
vt 0.125000 0.250000
vt 0.375000 0.000000
vt 0.625000 0.000000
vt 0.625000 0.250000
vt 0.375000 0.250000
vt 0.625000 0.500000
vt 0.375000 0.500000
vt 0.625000 0.750000
vt 0.375000 0.750000
vt 0.625000 1.000000
vt 0.375000 1.000000
vt 0.875000 0.000000
vt 0.875000 0.250000
vt 0.125000 0.000000
vt 0.125000 0.250000
vt 0.375000 0.000000
vt 0.625000 0.000000
vt 0.625000 0.250000
vt 0.375000 0.250000
vt 0.625000 0.500000
vt 0.375000 0.500000
vt 0.625000 0.750000
vt 0.375000 0.750000
vt 0.625000 1.000000
vt 0.375000 1.000000
vt 0.875000 0.000000
vt 0.875000 0.250000
vt 0.125000 0.000000
vt 0.125000 0.250000
vt 0.375000 0.000000
vt 0.625000 0.000000
vt 0.625000 0.250000
vt 0.375000 0.250000
vt 0.625000 0.500000
vt 0.375000 0.500000
vt 0.625000 0.750000
vt 0.375000 0.750000
vt 0.625000 1.000000
vt 0.375000 1.000000
vt 0.875000 0.000000
vt 0.875000 0.250000
vt 0.125000 0.000000
vt 0.125000 0.250000
vt 0.375000 0.000000
vt 0.625000 0.000000
vt 0.625000 0.250000
vt 0.375000 0.250000
vt 0.625000 0.500000
vt 0.375000 0.500000
vt 0.625000 0.750000
vt 0.375000 0.750000
vt 0.625000 1.000000
vt 0.375000 1.000000
vt 0.875000 0.000000
vt 0.875000 0.250000
vt 0.125000 0.000000
vt 0.125000 0.250000
vt 0.375000 0.000000
vt 0.625000 0.000000
vt 0.625000 0.250000
vt 0.375000 0.250000
vt 0.625000 0.500000
vt 0.375000 0.500000
vt 0.625000 0.750000
vt 0.375000 0.750000
vt 0.625000 1.000000
vt 0.375000 1.000000
vt 0.875000 0.000000
vt 0.875000 0.250000
vt 0.125000 0.000000
vt 0.125000 0.250000
vt 0.375000 0.000000
vt 0.625000 0.000000
vt 0.625000 0.250000
vt 0.375000 0.250000
vt 0.625000 0.500000
vt 0.375000 0.500000
vt 0.625000 0.750000
vt 0.375000 0.750000
vt 0.625000 1.000000
vt 0.375000 1.000000
vt 0.875000 0.000000
vt 0.875000 0.250000
vt 0.125000 0.000000
vt 0.125000 0.250000
vt 0.375000 0.000000
vt 0.625000 0.000000
vt 0.625000 0.250000
vt 0.375000 0.250000
vt 0.625000 0.500000
vt 0.375000 0.500000
vt 0.625000 0.750000
vt 0.375000 0.750000
vt 0.625000 1.000000
vt 0.375000 1.000000
vt 0.875000 0.000000
vt 0.875000 0.250000
vt 0.125000 0.000000
vt 0.125000 0.250000
vt 0.375000 0.000000
vt 0.625000 0.000000
vt 0.625000 0.250000
vt 0.375000 0.250000
vt 0.625000 0.500000
vt 0.375000 0.500000
vt 0.625000 0.750000
vt 0.375000 0.750000
vt 0.625000 1.000000
vt 0.375000 1.000000
vt 0.875000 0.000000
vt 0.875000 0.250000
vt 0.125000 0.000000
vt 0.125000 0.250000
vt 0.375000 0.000000
vt 0.625000 0.000000
vt 0.625000 0.250000
vt 0.375000 0.250000
vt 0.625000 0.500000
vt 0.375000 0.500000
vt 0.625000 0.750000
vt 0.375000 0.750000
vt 0.625000 1.000000
vt 0.375000 1.000000
vt 0.875000 0.000000
vt 0.875000 0.250000
vt 0.125000 0.000000
vt 0.125000 0.250000
vt 0.375000 0.000000
vt 0.625000 0.000000
vt 0.625000 0.250000
vt 0.375000 0.250000
vt 0.625000 0.500000
vt 0.375000 0.500000
vt 0.625000 0.750000
vt 0.375000 0.750000
vt 0.625000 1.000000
vt 0.375000 1.000000
vt 0.875000 0.000000
vt 0.875000 0.250000
vt 0.125000 0.000000
vt 0.125000 0.250000
vt 0.375000 0.000000
vt 0.625000 0.000000
vt 0.625000 0.250000
vt 0.375000 0.250000
vt 0.625000 0.500000
vt 0.375000 0.500000
vt 0.625000 0.750000
vt 0.375000 0.750000
vt 0.625000 1.000000
vt 0.375000 1.000000
vt 0.875000 0.000000
vt 0.875000 0.250000
vt 0.125000 0.000000
vt 0.125000 0.250000
vt 0.375000 0.000000
vt 0.625000 0.000000
vt 0.625000 0.250000
vt 0.375000 0.250000
vt 0.625000 0.500000
vt 0.375000 0.500000
vt 0.625000 0.750000
vt 0.375000 0.750000
vt 0.625000 1.000000
vt 0.375000 1.000000
vt 0.875000 0.000000
vt 0.875000 0.250000
vt 0.125000 0.000000
vt 0.125000 0.250000
vt 0.375000 0.000000
vt 0.625000 0.000000
vt 0.625000 0.250000
vt 0.375000 0.250000
vt 0.625000 0.500000
vt 0.375000 0.500000
vt 0.625000 0.750000
vt 0.375000 0.750000
vt 0.625000 1.000000
vt 0.375000 1.000000
vt 0.875000 0.000000
vt 0.875000 0.250000
vt 0.125000 0.000000
vt 0.125000 0.250000
vt 0.375000 0.000000
vt 0.625000 0.000000
vt 0.625000 0.250000
vt 0.375000 0.250000
vt 0.625000 0.500000
vt 0.375000 0.500000
vt 0.625000 0.750000
vt 0.375000 0.750000
vt 0.625000 1.000000
vt 0.375000 1.000000
vt 0.875000 0.000000
vt 0.875000 0.250000
vt 0.125000 0.000000
vt 0.125000 0.250000
vt 0.375000 0.000000
vt 0.625000 0.000000
vt 0.625000 0.250000
vt 0.375000 0.250000
vt 0.625000 0.500000
vt 0.375000 0.500000
vt 0.625000 0.750000
vt 0.375000 0.750000
vt 0.625000 1.000000
vt 0.375000 1.000000
vt 0.875000 0.000000
vt 0.875000 0.250000
vt 0.125000 0.000000
vt 0.125000 0.250000
1008
vn 1.000000 0.000000 0.000000
vn 1.000000 0.000000 0.000000
vn 1.000000 0.000000 0.000000
vn 1.000000 0.000000 0.000000
vn 0.000000 1.000000 0.000000
vn 0.000000 1.000000 0.000000
vn 0.000000 1.000000 0.000000
vn 0.000000 1.000000 0.000000
vn -1.000000 0.000000 0.000000
vn -1.000000 0.000000 0.000000
vn -1.000000 0.000000 0.000000
vn -1.000000 0.000000 0.000000
vn 0.000000 -1.000000 0.000000
vn 0.000000 -1.000000 0.000000
vn 0.000000 -1.000000 0.000000
vn 0.000000 -1.000000 0.000000
vn 0.000000 0.000000 -1.000000
vn 0.000000 0.000000 -1.000000
vn 0.000000 0.000000 -1.000000
vn 0.000000 0.000000 -1.000000
vn 0.000000 0.000000 1.000000
vn 0.000000 0.000000 1.000000
vn 0.000000 0.000000 1.000000
vn 0.000000 0.000000 1.000000
vn 0.000000 0.000000 1.000000
vn 0.000000 0.000000 1.000000
vn 0.000000 0.000000 1.000000
vn 0.000000 0.000000 1.000000
vn 0.000000 1.000000 0.000000
vn 0.000000 1.000000 0.000000
vn 0.000000 1.000000 0.000000
vn 0.000000 1.000000 0.000000
vn 0.000000 0.000000 -1.000000
vn 0.000000 0.000000 -1.000000
vn 0.000000 0.000000 -1.000000
vn 0.000000 0.000000 -1.000000
vn 0.000000 -1.000000 0.000000
vn 0.000000 -1.000000 0.000000
vn 0.000000 -1.000000 0.000000
vn 0.000000 -1.000000 0.000000
vn 1.000000 0.000000 0.000000
vn 1.000000 0.000000 0.000000
vn 1.000000 0.000000 0.000000
vn 1.000000 0.000000 0.000000
vn -1.000000 0.000000 0.000000
vn -1.000000 0.000000 0.000000
vn -1.000000 0.000000 0.000000
vn -1.000000 0.000000 0.000000
vn 0.000000 0.000000 1.000000
vn 0.000000 0.000000 1.000000
vn 0.000000 0.000000 1.000000
vn 0.000000 0.000000 1.000000
vn 0.000000 1.000000 0.000000
vn 0.000000 1.000000 0.000000
vn 0.000000 1.000000 0.000000
vn 0.000000 1.000000 0.000000
vn 0.000000 0.000000 -1.000000
vn 0.000000 0.000000 -1.000000
vn 0.000000 0.000000 -1.000000
vn 0.000000 0.000000 -1.000000
vn 0.000000 -1.000000 0.000000
vn 0.000000 -1.000000 0.000000
vn 0.000000 -1.000000 0.000000
vn 0.000000 -1.000000 0.000000
vn 1.000000 0.000000 0.000000
vn 1.000000 0.000000 0.000000
vn 1.000000 0.000000 0.000000
vn 1.000000 0.000000 0.000000
vn -1.000000 0.000000 0.000000
vn -1.000000 0.000000 0.000000
vn -1.000000 0.000000 0.000000
vn -1.000000 0.000000 0.000000
vn 0.000000 0.000000 1.000000
vn 0.000000 0.000000 1.000000
vn 0.000000 0.000000 1.000000
vn 0.000000 0.000000 1.000000
vn 0.000000 1.000000 0.000000
vn 0.000000 1.000000 0.000000
vn 0.000000 1.000000 0.000000
vn 0.000000 1.000000 0.000000
vn 0.000000 0.000000 -1.000000
vn 0.000000 0.000000 -1.000000
vn 0.000000 0.000000 -1.000000
vn 0.000000 0.000000 -1.000000
vn 0.000000 -1.000000 0.000000
vn 0.000000 -1.000000 0.000000
vn 0.000000 -1.000000 0.000000
vn 0.000000 -1.000000 0.000000
vn 1.000000 0.000000 0.000000
vn 1.000000 0.000000 0.000000
vn 1.000000 0.000000 0.000000
vn 1.000000 0.000000 0.000000
vn -1.000000 0.000000 0.000000
vn -1.000000 0.000000 0.000000
vn -1.000000 0.000000 0.000000
vn -1.000000 0.000000 0.000000
vn 0.000000 0.000000 1.000000
vn 0.000000 0.000000 1.000000
vn 0.000000 0.000000 1.000000
vn 0.000000 0.000000 1.000000
vn 0.000000 1.000000 0.000000
vn 0.000000 1.000000 0.000000
vn 0.000000 1.000000 0.000000
vn 0.000000 1.000000 0.000000
vn 0.000000 0.000000 -1.000000
vn 0.000000 0.000000 -1.000000
vn 0.000000 0.000000 -1.000000
vn 0.000000 0.000000 -1.000000
vn 0.000000 -1.000000 0.000000
vn 0.000000 -1.000000 0.000000
vn 0.000000 -1.000000 0.000000
vn 0.000000 -1.000000 0.000000
vn 1.000000 0.000000 0.000000
vn 1.000000 0.000000 0.000000
vn 1.000000 0.000000 0.000000
vn 1.000000 0.000000 0.000000
vn -1.000000 0.000000 0.000000
vn -1.000000 0.000000 0.000000
vn -1.000000 0.000000 0.000000
vn -1.000000 0.000000 0.000000
vn 0.000000 0.000000 1.000000
vn 0.000000 0.000000 1.000000
vn 0.000000 0.000000 1.000000
vn 0.000000 0.000000 1.000000
vn 0.000000 1.000000 0.000000
vn 0.000000 1.000000 0.000000
vn 0.000000 1.000000 0.000000
vn 0.000000 1.000000 0.000000
vn 0.000000 0.000000 -1.000000
vn 0.000000 0.000000 -1.000000
vn 0.000000 0.000000 -1.000000
vn 0.000000 0.000000 -1.000000
vn 0.000000 -1.000000 0.000000
vn 0.000000 -1.000000 0.000000
vn 0.000000 -1.000000 0.000000
vn 0.000000 -1.000000 0.000000
vn 1.000000 0.000000 0.000000
vn 1.000000 0.000000 0.000000
vn 1.000000 0.000000 0.000000
vn 1.000000 0.000000 0.000000
vn -1.000000 0.000000 0.000000
vn -1.000000 0.000000 0.000000
vn -1.000000 0.000000 0.000000
vn -1.000000 0.000000 0.000000
vn 1.000000 0.000000 0.000000
vn 1.000000 0.000000 0.000000
vn 1.000000 0.000000 0.000000
vn 1.000000 0.000000 0.000000
vn 0.000000 1.000000 0.000000
vn 0.000000 1.000000 0.000000
vn 0.000000 1.000000 0.000000
vn 0.000000 1.000000 0.000000
vn -1.000000 0.000000 0.000000
vn -1.000000 0.000000 0.000000
vn -1.000000 0.000000 0.000000
vn -1.000000 0.000000 0.000000
vn 0.000000 -1.000000 0.000000
vn 0.000000 -1.000000 0.000000
vn 0.000000 -1.000000 0.000000
vn 0.000000 -1.000000 0.000000
vn 0.000000 0.000000 -1.000000
vn 0.000000 0.000000 -1.000000
vn 0.000000 0.000000 -1.000000
vn 0.000000 0.000000 -1.000000
vn 0.000000 0.000000 1.000000
vn 0.000000 0.000000 1.000000
vn 0.000000 0.000000 1.000000
vn 0.000000 0.000000 1.000000
vn 1.000000 0.000000 0.000000
vn 1.000000 0.000000 0.000000
vn 1.000000 0.000000 0.000000
vn 1.000000 0.000000 0.000000
vn 0.000000 1.000000 0.000000
vn 0.000000 1.000000 0.000000
vn 0.000000 1.000000 0.000000
vn 0.000000 1.000000 0.000000
vn -1.000000 0.000000 0.000000
vn -1.000000 0.000000 0.000000
vn -1.000000 0.000000 0.000000
vn -1.000000 0.000000 0.000000
vn 0.000000 -1.000000 0.000000
vn 0.000000 -1.000000 0.000000
vn 0.000000 -1.000000 0.000000
vn 0.000000 -1.000000 0.000000
vn 0.000000 0.000000 -1.000000
vn 0.000000 0.000000 -1.000000
vn 0.000000 0.000000 -1.000000
vn 0.000000 0.000000 -1.000000
vn 0.000000 0.000000 1.000000
vn 0.000000 0.000000 1.000000
vn 0.000000 0.000000 1.000000
vn 0.000000 0.000000 1.000000
vn 0.000000 0.000000 1.000000
vn 0.000000 0.000000 1.000000
vn 0.000000 0.000000 1.000000
vn 0.000000 0.000000 1.000000
vn 0.000000 1.000000 0.000000
vn 0.000000 1.000000 0.000000
vn 0.000000 1.000000 0.000000
vn 0.000000 1.000000 0.000000
vn 0.000000 0.000000 -1.000000
vn 0.000000 0.000000 -1.000000
vn 0.000000 0.000000 -1.000000
vn 0.000000 0.000000 -1.000000
vn 0.000000 -1.000000 0.000000
vn 0.000000 -1.000000 0.000000
vn 0.000000 -1.000000 0.000000
vn 0.000000 -1.000000 0.000000
vn 1.000000 0.000000 0.000000
vn 1.000000 0.000000 0.000000
vn 1.000000 0.000000 0.000000
vn 1.000000 0.000000 0.000000
vn -1.000000 0.000000 0.000000
vn -1.000000 0.000000 0.000000
vn -1.000000 0.000000 0.000000
vn -1.000000 0.000000 0.000000
vn 0.000000 0.000000 1.000000
vn 0.000000 0.000000 1.000000
vn 0.000000 0.000000 1.000000
vn 0.000000 0.000000 1.000000
vn 0.000000 1.000000 0.000000
vn 0.000000 1.000000 0.000000
vn 0.000000 1.000000 0.000000
vn 0.000000 1.000000 0.000000
vn 0.000000 0.000000 -1.000000
vn 0.000000 0.000000 -1.000000
vn 0.000000 0.000000 -1.000000
vn 0.000000 0.000000 -1.000000
vn 0.000000 -1.000000 0.000000
vn 0.000000 -1.000000 0.000000
vn 0.000000 -1.000000 0.000000
vn 0.000000 -1.000000 0.000000
vn 1.000000 0.000000 0.000000
vn 1.000000 0.000000 0.000000
vn 1.000000 0.000000 0.000000
vn 1.000000 0.000000 0.000000
vn -1.000000 0.000000 0.000000
vn -1.000000 0.000000 0.000000
vn -1.000000 0.000000 0.000000
vn -1.000000 0.000000 0.000000
vn 1.000000 0.000000 0.000000
vn 1.000000 0.000000 0.000000
vn 1.000000 0.000000 0.000000
vn 1.000000 0.000000 0.000000
vn 0.000000 1.000000 0.000000
vn 0.000000 1.000000 0.000000
vn 0.000000 1.000000 0.000000
vn 0.000000 1.000000 0.000000
vn -1.000000 0.000000 0.000000
vn -1.000000 0.000000 0.000000
vn -1.000000 0.000000 0.000000
vn -1.000000 0.000000 0.000000
vn 0.000000 -1.000000 0.000000
vn 0.000000 -1.000000 0.000000
vn 0.000000 -1.000000 0.000000
vn 0.000000 -1.000000 0.000000
vn 0.000000 0.000000 -1.000000
vn 0.000000 0.000000 -1.000000
vn 0.000000 0.000000 -1.000000
vn 0.000000 0.000000 -1.000000
vn 0.000000 0.000000 1.000000
vn 0.000000 0.000000 1.000000
vn 0.000000 0.000000 1.000000
vn 0.000000 0.000000 1.000000
vn 0.000000 0.000000 1.000000
vn 0.000000 0.000000 1.000000
vn 0.000000 0.000000 1.000000
vn 0.000000 0.000000 1.000000
vn 0.000000 1.000000 0.000000
vn 0.000000 1.000000 0.000000
vn 0.000000 1.000000 0.000000
vn 0.000000 1.000000 0.000000
vn 0.000000 0.000000 -1.000000
vn 0.000000 0.000000 -1.000000
vn 0.000000 0.000000 -1.000000
vn 0.000000 0.000000 -1.000000
vn 0.000000 -1.000000 0.000000
vn 0.000000 -1.000000 0.000000
vn 0.000000 -1.000000 0.000000
vn 0.000000 -1.000000 0.000000
vn 1.000000 0.000000 0.000000
vn 1.000000 0.000000 0.000000
vn 1.000000 0.000000 0.000000
vn 1.000000 0.000000 0.000000
vn -1.000000 0.000000 0.000000
vn -1.000000 0.000000 0.000000
vn -1.000000 0.000000 0.000000
vn -1.000000 0.000000 0.000000
vn 1.000000 0.000000 0.000000
vn 1.000000 0.000000 0.000000
vn 1.000000 0.000000 0.000000
vn 1.000000 0.000000 0.000000
vn 0.000000 1.000000 0.000000
vn 0.000000 1.000000 0.000000
vn 0.000000 1.000000 0.000000
vn 0.000000 1.000000 0.000000
vn -1.000000 0.000000 0.000000
vn -1.000000 0.000000 0.000000
vn -1.000000 0.000000 0.000000
vn -1.000000 0.000000 0.000000
vn 0.000000 -1.000000 0.000000
vn 0.000000 -1.000000 0.000000
vn 0.000000 -1.000000 0.000000
vn 0.000000 -1.000000 0.000000
vn 0.000000 0.000000 -1.000000
vn 0.000000 0.000000 -1.000000
vn 0.000000 0.000000 -1.000000
vn 0.000000 0.000000 -1.000000
vn 0.000000 0.000000 1.000000
vn 0.000000 0.000000 1.000000
vn 0.000000 0.000000 1.000000
vn 0.000000 0.000000 1.000000
vn 0.000000 0.000000 1.000000
vn 0.000000 0.000000 1.000000
vn 0.000000 0.000000 1.000000
vn 0.000000 0.000000 1.000000
vn 0.000000 1.000000 0.000000
vn 0.000000 1.000000 0.000000
vn 0.000000 1.000000 0.000000
vn 0.000000 1.000000 0.000000
vn 0.000000 0.000000 -1.000000
vn 0.000000 0.000000 -1.000000
vn 0.000000 0.000000 -1.000000
vn 0.000000 0.000000 -1.000000
vn 0.000000 -1.000000 0.000000
vn 0.000000 -1.000000 0.000000
vn 0.000000 -1.000000 0.000000
vn 0.000000 -1.000000 0.000000
vn 1.000000 0.000000 0.000000
vn 1.000000 0.000000 0.000000
vn 1.000000 0.000000 0.000000
vn 1.000000 0.000000 0.000000
vn -1.000000 0.000000 0.000000
vn -1.000000 0.000000 0.000000
vn -1.000000 0.000000 0.000000
vn -1.000000 0.000000 0.000000
vn 0.000000 0.000000 1.000000
vn 0.000000 0.000000 1.000000
vn 0.000000 0.000000 1.000000
vn 0.000000 0.000000 1.000000
vn 0.000000 1.000000 0.000000
vn 0.000000 1.000000 0.000000
vn 0.000000 1.000000 0.000000
vn 0.000000 1.000000 0.000000
vn 0.000000 0.000000 -1.000000
vn 0.000000 0.000000 -1.000000
vn 0.000000 0.000000 -1.000000
vn 0.000000 0.000000 -1.000000
vn 0.000000 -1.000000 0.000000
vn 0.000000 -1.000000 0.000000
vn 0.000000 -1.000000 0.000000
vn 0.000000 -1.000000 0.000000
vn 1.000000 0.000000 0.000000
vn 1.000000 0.000000 0.000000
vn 1.000000 0.000000 0.000000
vn 1.000000 0.000000 0.000000
vn -1.000000 0.000000 0.000000
vn -1.000000 0.000000 0.000000
vn -1.000000 0.000000 0.000000
vn -1.000000 0.000000 0.000000
vn 0.000000 0.000000 1.000000
vn 0.000000 0.000000 1.000000
vn 0.000000 0.000000 1.000000
vn 0.000000 0.000000 1.000000
vn 0.000000 1.000000 0.000000
vn 0.000000 1.000000 0.000000
vn 0.000000 1.000000 0.000000
vn 0.000000 1.000000 0.000000
vn 0.000000 0.000000 -1.000000
vn 0.000000 0.000000 -1.000000
vn 0.000000 0.000000 -1.000000
vn 0.000000 0.000000 -1.000000
vn 0.000000 -1.000000 0.000000
vn 0.000000 -1.000000 0.000000
vn 0.000000 -1.000000 0.000000
vn 0.000000 -1.000000 0.000000
vn 1.000000 0.000000 0.000000
vn 1.000000 0.000000 0.000000
vn 1.000000 0.000000 0.000000
vn 1.000000 0.000000 0.000000
vn -1.000000 0.000000 0.000000
vn -1.000000 0.000000 0.000000
vn -1.000000 0.000000 0.000000
vn -1.000000 0.000000 0.000000
vn 0.000000 0.000000 1.000000
vn 0.000000 0.000000 1.000000
vn 0.000000 0.000000 1.000000
vn 0.000000 0.000000 1.000000
vn 0.000000 1.000000 0.000000
vn 0.000000 1.000000 0.000000
vn 0.000000 1.000000 0.000000
vn 0.000000 1.000000 0.000000
vn 0.000000 0.000000 -1.000000
vn 0.000000 0.000000 -1.000000
vn 0.000000 0.000000 -1.000000
vn 0.000000 0.000000 -1.000000
vn 0.000000 -1.000000 0.000000
vn 0.000000 -1.000000 0.000000
vn 0.000000 -1.000000 0.000000
vn 0.000000 -1.000000 0.000000
vn 1.000000 0.000000 0.000000
vn 1.000000 0.000000 0.000000
vn 1.000000 0.000000 0.000000
vn 1.000000 0.000000 0.000000
vn -1.000000 0.000000 0.000000
vn -1.000000 0.000000 0.000000
vn -1.000000 0.000000 0.000000
vn -1.000000 0.000000 0.000000
vn 0.000000 0.000000 1.000000
vn 0.000000 0.000000 1.000000
vn 0.000000 0.000000 1.000000
vn 0.000000 0.000000 1.000000
vn 0.000000 1.000000 0.000000
vn 0.000000 1.000000 0.000000
vn 0.000000 1.000000 0.000000
vn 0.000000 1.000000 0.000000
vn 0.000000 0.000000 -1.000000
vn 0.000000 0.000000 -1.000000
vn 0.000000 0.000000 -1.000000
vn 0.000000 0.000000 -1.000000
vn 0.000000 -1.000000 0.000000
vn 0.000000 -1.000000 0.000000
vn 0.000000 -1.000000 0.000000
vn 0.000000 -1.000000 0.000000
vn 1.000000 0.000000 0.000000
vn 1.000000 0.000000 0.000000
vn 1.000000 0.000000 0.000000
vn 1.000000 0.000000 0.000000
vn -1.000000 0.000000 0.000000
vn -1.000000 0.000000 0.000000
vn -1.000000 0.000000 0.000000
vn -1.000000 0.000000 0.000000
vn 0.000000 0.000000 1.000000
vn 0.000000 0.000000 1.000000
vn 0.000000 0.000000 1.000000
vn 0.000000 0.000000 1.000000
vn 0.000000 1.000000 0.000000
vn 0.000000 1.000000 0.000000
vn 0.000000 1.000000 0.000000
vn 0.000000 1.000000 0.000000
vn 0.000000 0.000000 -1.000000
vn 0.000000 0.000000 -1.000000
vn 0.000000 0.000000 -1.000000
vn 0.000000 0.000000 -1.000000
vn 0.000000 -1.000000 0.000000
vn 0.000000 -1.000000 0.000000
vn 0.000000 -1.000000 0.000000
vn 0.000000 -1.000000 0.000000
vn 1.000000 0.000000 0.000000
vn 1.000000 0.000000 0.000000
vn 1.000000 0.000000 0.000000
vn 1.000000 0.000000 0.000000
vn -1.000000 0.000000 0.000000
vn -1.000000 0.000000 0.000000
vn -1.000000 0.000000 0.000000
vn -1.000000 0.000000 0.000000
vn 1.000000 0.000000 0.000000
vn 1.000000 0.000000 0.000000
vn 1.000000 0.000000 0.000000
vn 1.000000 0.000000 0.000000
vn 0.000000 1.000000 0.000000
vn 0.000000 1.000000 0.000000
vn 0.000000 1.000000 0.000000
vn 0.000000 1.000000 0.000000
vn -1.000000 0.000000 0.000000
vn -1.000000 0.000000 0.000000
vn -1.000000 0.000000 0.000000
vn -1.000000 0.000000 0.000000
vn 0.000000 -1.000000 0.000000
vn 0.000000 -1.000000 0.000000
vn 0.000000 -1.000000 0.000000
vn 0.000000 -1.000000 0.000000
vn 0.000000 0.000000 -1.000000
vn 0.000000 0.000000 -1.000000
vn 0.000000 0.000000 -1.000000
vn 0.000000 0.000000 -1.000000
vn 0.000000 0.000000 1.000000
vn 0.000000 0.000000 1.000000
vn 0.000000 0.000000 1.000000
vn 0.000000 0.000000 1.000000
vn 0.000000 0.000000 1.000000
vn 0.000000 0.000000 1.000000
vn 0.000000 0.000000 1.000000
vn 0.000000 0.000000 1.000000
vn 0.000000 1.000000 0.000000
vn 0.000000 1.000000 0.000000
vn 0.000000 1.000000 0.000000
vn 0.000000 1.000000 0.000000
vn 0.000000 0.000000 -1.000000
vn 0.000000 0.000000 -1.000000
vn 0.000000 0.000000 -1.000000
vn 0.000000 0.000000 -1.000000
vn 0.000000 -1.000000 0.000000
vn 0.000000 -1.000000 0.000000
vn 0.000000 -1.000000 0.000000
vn 0.000000 -1.000000 0.000000
vn 1.000000 0.000000 0.000000
vn 1.000000 0.000000 0.000000
vn 1.000000 0.000000 0.000000
vn 1.000000 0.000000 0.000000
vn -1.000000 0.000000 0.000000
vn -1.000000 0.000000 0.000000
vn -1.000000 0.000000 0.000000
vn -1.000000 0.000000 0.000000
vn 1.000000 0.000000 0.000000
vn 1.000000 0.000000 0.000000
vn 1.000000 0.000000 0.000000
vn 1.000000 0.000000 0.000000
vn 0.000000 1.000000 0.000000
vn 0.000000 1.000000 0.000000
vn 0.000000 1.000000 0.000000
vn 0.000000 1.000000 0.000000
vn -1.000000 0.000000 0.000000
vn -1.000000 0.000000 0.000000
vn -1.000000 0.000000 0.000000
vn -1.000000 0.000000 0.000000
vn 0.000000 -1.000000 0.000000
vn 0.000000 -1.000000 0.000000
vn 0.000000 -1.000000 0.000000
vn 0.000000 -1.000000 0.000000
vn 0.000000 0.000000 -1.000000
vn 0.000000 0.000000 -1.000000
vn 0.000000 0.000000 -1.000000
vn 0.000000 0.000000 -1.000000
vn 0.000000 0.000000 1.000000
vn 0.000000 0.000000 1.000000
vn 0.000000 0.000000 1.000000
vn 0.000000 0.000000 1.000000
vn 1.000000 0.000000 0.000000
vn 1.000000 0.000000 0.000000
vn 1.000000 0.000000 0.000000
vn 1.000000 0.000000 0.000000
vn 0.000000 1.000000 0.000000
vn 0.000000 1.000000 0.000000
vn 0.000000 1.000000 0.000000
vn 0.000000 1.000000 0.000000
vn -1.000000 0.000000 0.000000
vn -1.000000 0.000000 0.000000
vn -1.000000 0.000000 0.000000
vn -1.000000 0.000000 0.000000
vn 0.000000 -1.000000 0.000000
vn 0.000000 -1.000000 0.000000
vn 0.000000 -1.000000 0.000000
vn 0.000000 -1.000000 0.000000
vn 0.000000 0.000000 -1.000000
vn 0.000000 0.000000 -1.000000
vn 0.000000 0.000000 -1.000000
vn 0.000000 0.000000 -1.000000
vn 0.000000 0.000000 1.000000
vn 0.000000 0.000000 1.000000
vn 0.000000 0.000000 1.000000
vn 0.000000 0.000000 1.000000
vn 0.000000 0.000000 1.000000
vn 0.000000 0.000000 1.000000
vn 0.000000 0.000000 1.000000
vn 0.000000 0.000000 1.000000
vn 0.000000 1.000000 0.000000
vn 0.000000 1.000000 0.000000
vn 0.000000 1.000000 0.000000
vn 0.000000 1.000000 0.000000
vn 0.000000 0.000000 -1.000000
vn 0.000000 0.000000 -1.000000
vn 0.000000 0.000000 -1.000000
vn 0.000000 0.000000 -1.000000
vn 0.000000 -1.000000 0.000000
vn 0.000000 -1.000000 0.000000
vn 0.000000 -1.000000 0.000000
vn 0.000000 -1.000000 0.000000
vn 1.000000 0.000000 0.000000
vn 1.000000 0.000000 0.000000
vn 1.000000 0.000000 0.000000
vn 1.000000 0.000000 0.000000
vn -1.000000 0.000000 0.000000
vn -1.000000 0.000000 0.000000
vn -1.000000 0.000000 0.000000
vn -1.000000 0.000000 0.000000
vn 0.000000 0.000000 1.000000
vn 0.000000 0.000000 1.000000
vn 0.000000 0.000000 1.000000
vn 0.000000 0.000000 1.000000
vn 0.000000 1.000000 0.000000
vn 0.000000 1.000000 0.000000
vn 0.000000 1.000000 0.000000
vn 0.000000 1.000000 0.000000
vn 0.000000 0.000000 -1.000000
vn 0.000000 0.000000 -1.000000
vn 0.000000 0.000000 -1.000000
vn 0.000000 0.000000 -1.000000
vn 0.000000 -1.000000 0.000000
vn 0.000000 -1.000000 0.000000
vn 0.000000 -1.000000 0.000000
vn 0.000000 -1.000000 0.000000
vn 1.000000 0.000000 0.000000
vn 1.000000 0.000000 0.000000
vn 1.000000 0.000000 0.000000
vn 1.000000 0.000000 0.000000
vn -1.000000 0.000000 0.000000
vn -1.000000 0.000000 0.000000
vn -1.000000 0.000000 0.000000
vn -1.000000 0.000000 0.000000
vn 0.000000 0.000000 1.000000
vn 0.000000 0.000000 1.000000
vn 0.000000 0.000000 1.000000
vn 0.000000 0.000000 1.000000
vn 0.000000 1.000000 0.000000
vn 0.000000 1.000000 0.000000
vn 0.000000 1.000000 0.000000
vn 0.000000 1.000000 0.000000
vn 0.000000 0.000000 -1.000000
vn 0.000000 0.000000 -1.000000
vn 0.000000 0.000000 -1.000000
vn 0.000000 0.000000 -1.000000
vn 0.000000 -1.000000 0.000000
vn 0.000000 -1.000000 0.000000
vn 0.000000 -1.000000 0.000000
vn 0.000000 -1.000000 0.000000
vn 1.000000 0.000000 0.000000
vn 1.000000 0.000000 0.000000
vn 1.000000 0.000000 0.000000
vn 1.000000 0.000000 0.000000
vn -1.000000 0.000000 0.000000
vn -1.000000 0.000000 0.000000
vn -1.000000 0.000000 0.000000
vn -1.000000 0.000000 0.000000
vn 0.000000 0.000000 1.000000
vn 0.000000 0.000000 1.000000
vn 0.000000 0.000000 1.000000
vn 0.000000 0.000000 1.000000
vn 0.000000 1.000000 0.000000
vn 0.000000 1.000000 0.000000
vn 0.000000 1.000000 0.000000
vn 0.000000 1.000000 0.000000
vn 0.000000 0.000000 -1.000000
vn 0.000000 0.000000 -1.000000
vn 0.000000 0.000000 -1.000000
vn 0.000000 0.000000 -1.000000
vn 0.000000 -1.000000 0.000000
vn 0.000000 -1.000000 0.000000
vn 0.000000 -1.000000 0.000000
vn 0.000000 -1.000000 0.000000
vn 1.000000 0.000000 0.000000
vn 1.000000 0.000000 0.000000
vn 1.000000 0.000000 0.000000
vn 1.000000 0.000000 0.000000
vn -1.000000 0.000000 0.000000
vn -1.000000 0.000000 0.000000
vn -1.000000 0.000000 0.000000
vn -1.000000 0.000000 0.000000
vn 1.000000 0.000000 0.000000
vn 1.000000 0.000000 0.000000
vn 1.000000 0.000000 0.000000
vn 1.000000 0.000000 0.000000
vn 0.000000 1.000000 0.000000
vn 0.000000 1.000000 0.000000
vn 0.000000 1.000000 0.000000
vn 0.000000 1.000000 0.000000
vn -1.000000 0.000000 0.000000
vn -1.000000 0.000000 0.000000
vn -1.000000 0.000000 0.000000
vn -1.000000 0.000000 0.000000
vn 0.000000 -1.000000 0.000000
vn 0.000000 -1.000000 0.000000
vn 0.000000 -1.000000 0.000000
vn 0.000000 -1.000000 0.000000
vn 0.000000 0.000000 -1.000000
vn 0.000000 0.000000 -1.000000
vn 0.000000 0.000000 -1.000000
vn 0.000000 0.000000 -1.000000
vn 0.000000 0.000000 1.000000
vn 0.000000 0.000000 1.000000
vn 0.000000 0.000000 1.000000
vn 0.000000 0.000000 1.000000
vn 0.000000 0.000000 1.000000
vn 0.000000 0.000000 1.000000
vn 0.000000 0.000000 1.000000
vn 0.000000 0.000000 1.000000
vn 0.000000 1.000000 0.000000
vn 0.000000 1.000000 0.000000
vn 0.000000 1.000000 0.000000
vn 0.000000 1.000000 0.000000
vn 0.000000 0.000000 -1.000000
vn 0.000000 0.000000 -1.000000
vn 0.000000 0.000000 -1.000000
vn 0.000000 0.000000 -1.000000
vn 0.000000 -1.000000 0.000000
vn 0.000000 -1.000000 0.000000
vn 0.000000 -1.000000 0.000000
vn 0.000000 -1.000000 0.000000
vn 1.000000 0.000000 0.000000
vn 1.000000 0.000000 0.000000
vn 1.000000 0.000000 0.000000
vn 1.000000 0.000000 0.000000
vn -1.000000 0.000000 0.000000
vn -1.000000 0.000000 0.000000
vn -1.000000 0.000000 0.000000
vn -1.000000 0.000000 0.000000
vn 0.000000 0.000000 1.000000
vn 0.000000 0.000000 1.000000
vn 0.000000 0.000000 1.000000
vn 0.000000 0.000000 1.000000
vn 0.000000 1.000000 0.000000
vn 0.000000 1.000000 0.000000
vn 0.000000 1.000000 0.000000
vn 0.000000 1.000000 0.000000
vn 0.000000 0.000000 -1.000000
vn 0.000000 0.000000 -1.000000
vn 0.000000 0.000000 -1.000000
vn 0.000000 0.000000 -1.000000
vn 0.000000 -1.000000 0.000000
vn 0.000000 -1.000000 0.000000
vn 0.000000 -1.000000 0.000000
vn 0.000000 -1.000000 0.000000
vn 1.000000 0.000000 0.000000
vn 1.000000 0.000000 0.000000
vn 1.000000 0.000000 0.000000
vn 1.000000 0.000000 0.000000
vn -1.000000 0.000000 0.000000
vn -1.000000 0.000000 0.000000
vn -1.000000 0.000000 0.000000
vn -1.000000 0.000000 0.000000
vn 0.000000 0.000000 1.000000
vn 0.000000 0.000000 1.000000
vn 0.000000 0.000000 1.000000
vn 0.000000 0.000000 1.000000
vn 0.000000 1.000000 0.000000
vn 0.000000 1.000000 0.000000
vn 0.000000 1.000000 0.000000
vn 0.000000 1.000000 0.000000
vn 0.000000 0.000000 -1.000000
vn 0.000000 0.000000 -1.000000
vn 0.000000 0.000000 -1.000000
vn 0.000000 0.000000 -1.000000
vn 0.000000 -1.000000 0.000000
vn 0.000000 -1.000000 0.000000
vn 0.000000 -1.000000 0.000000
vn 0.000000 -1.000000 0.000000
vn 1.000000 0.000000 0.000000
vn 1.000000 0.000000 0.000000
vn 1.000000 0.000000 0.000000
vn 1.000000 0.000000 0.000000
vn -1.000000 0.000000 0.000000
vn -1.000000 0.000000 0.000000
vn -1.000000 0.000000 0.000000
vn -1.000000 0.000000 0.000000
vn 0.000000 0.000000 1.000000
vn 0.000000 0.000000 1.000000
vn 0.000000 0.000000 1.000000
vn 0.000000 0.000000 1.000000
vn 0.000000 1.000000 0.000000
vn 0.000000 1.000000 0.000000
vn 0.000000 1.000000 0.000000
vn 0.000000 1.000000 0.000000
vn 0.000000 0.000000 -1.000000
vn 0.000000 0.000000 -1.000000
vn 0.000000 0.000000 -1.000000
vn 0.000000 0.000000 -1.000000
vn 0.000000 -1.000000 0.000000
vn 0.000000 -1.000000 0.000000
vn 0.000000 -1.000000 0.000000
vn 0.000000 -1.000000 0.000000
vn 1.000000 0.000000 0.000000
vn 1.000000 0.000000 0.000000
vn 1.000000 0.000000 0.000000
vn 1.000000 0.000000 0.000000
vn -1.000000 0.000000 0.000000
vn -1.000000 0.000000 0.000000
vn -1.000000 0.000000 0.000000
vn -1.000000 0.000000 0.000000
vn 1.000000 0.000000 0.000000
vn 1.000000 0.000000 0.000000
vn 1.000000 0.000000 0.000000
vn 1.000000 0.000000 0.000000
vn 0.000000 1.000000 0.000000
vn 0.000000 1.000000 0.000000
vn 0.000000 1.000000 0.000000
vn 0.000000 1.000000 0.000000
vn -1.000000 0.000000 0.000000
vn -1.000000 0.000000 0.000000
vn -1.000000 0.000000 0.000000
vn -1.000000 0.000000 0.000000
vn 0.000000 -1.000000 0.000000
vn 0.000000 -1.000000 0.000000
vn 0.000000 -1.000000 0.000000
vn 0.000000 -1.000000 0.000000
vn 0.000000 0.000000 -1.000000
vn 0.000000 0.000000 -1.000000
vn 0.000000 0.000000 -1.000000
vn 0.000000 0.000000 -1.000000
vn 0.000000 0.000000 1.000000
vn 0.000000 0.000000 1.000000
vn 0.000000 0.000000 1.000000
vn 0.000000 0.000000 1.000000
vn 0.000000 0.000000 1.000000
vn 0.000000 0.000000 1.000000
vn 0.000000 0.000000 1.000000
vn 0.000000 0.000000 1.000000
vn 0.000000 1.000000 0.000000
vn 0.000000 1.000000 0.000000
vn 0.000000 1.000000 0.000000
vn 0.000000 1.000000 0.000000
vn 0.000000 0.000000 -1.000000
vn 0.000000 0.000000 -1.000000
vn 0.000000 0.000000 -1.000000
vn 0.000000 0.000000 -1.000000
vn 0.000000 -1.000000 0.000000
vn 0.000000 -1.000000 0.000000
vn 0.000000 -1.000000 0.000000
vn 0.000000 -1.000000 0.000000
vn 1.000000 0.000000 0.000000
vn 1.000000 0.000000 0.000000
vn 1.000000 0.000000 0.000000
vn 1.000000 0.000000 0.000000
vn -1.000000 0.000000 0.000000
vn -1.000000 0.000000 0.000000
vn -1.000000 0.000000 0.000000
vn -1.000000 0.000000 0.000000
vn 0.000000 0.000000 1.000000
vn 0.000000 0.000000 1.000000
vn 0.000000 0.000000 1.000000
vn 0.000000 0.000000 1.000000
vn 0.000000 1.000000 0.000000
vn 0.000000 1.000000 0.000000
vn 0.000000 1.000000 0.000000
vn 0.000000 1.000000 0.000000
vn 0.000000 0.000000 -1.000000
vn 0.000000 0.000000 -1.000000
vn 0.000000 0.000000 -1.000000
vn 0.000000 0.000000 -1.000000
vn 0.000000 -1.000000 0.000000
vn 0.000000 -1.000000 0.000000
vn 0.000000 -1.000000 0.000000
vn 0.000000 -1.000000 0.000000
vn 1.000000 0.000000 0.000000
vn 1.000000 0.000000 0.000000
vn 1.000000 0.000000 0.000000
vn 1.000000 0.000000 0.000000
vn -1.000000 0.000000 0.000000
vn -1.000000 0.000000 0.000000
vn -1.000000 0.000000 0.000000
vn -1.000000 0.000000 0.000000
vn 0.000000 0.000000 1.000000
vn 0.000000 0.000000 1.000000
vn 0.000000 0.000000 1.000000
vn 0.000000 0.000000 1.000000
vn 0.000000 1.000000 0.000000
vn 0.000000 1.000000 0.000000
vn 0.000000 1.000000 0.000000
vn 0.000000 1.000000 0.000000
vn 0.000000 0.000000 -1.000000
vn 0.000000 0.000000 -1.000000
vn 0.000000 0.000000 -1.000000
vn 0.000000 0.000000 -1.000000
vn 0.000000 -1.000000 0.000000
vn 0.000000 -1.000000 0.000000
vn 0.000000 -1.000000 0.000000
vn 0.000000 -1.000000 0.000000
vn 1.000000 0.000000 0.000000
vn 1.000000 0.000000 0.000000
vn 1.000000 0.000000 0.000000
vn 1.000000 0.000000 0.000000
vn -1.000000 0.000000 0.000000
vn -1.000000 0.000000 0.000000
vn -1.000000 0.000000 0.000000
vn -1.000000 0.000000 0.000000
vn 0.000000 0.000000 1.000000
vn 0.000000 0.000000 1.000000
vn 0.000000 0.000000 1.000000
vn 0.000000 0.000000 1.000000
vn 0.000000 1.000000 0.000000
vn 0.000000 1.000000 0.000000
vn 0.000000 1.000000 0.000000
vn 0.000000 1.000000 0.000000
vn 0.000000 0.000000 -1.000000
vn 0.000000 0.000000 -1.000000
vn 0.000000 0.000000 -1.000000
vn 0.000000 0.000000 -1.000000
vn 0.000000 -1.000000 0.000000
vn 0.000000 -1.000000 0.000000
vn 0.000000 -1.000000 0.000000
vn 0.000000 -1.000000 0.000000
vn 1.000000 0.000000 0.000000
vn 1.000000 0.000000 0.000000
vn 1.000000 0.000000 0.000000
vn 1.000000 0.000000 0.000000
vn -1.000000 0.000000 0.000000
vn -1.000000 0.000000 0.000000
vn -1.000000 0.000000 0.000000
vn -1.000000 0.000000 0.000000
vn 0.000000 0.000000 1.000000
vn 0.000000 0.000000 1.000000
vn 0.000000 0.000000 1.000000
vn 0.000000 0.000000 1.000000
vn 0.000000 1.000000 0.000000
vn 0.000000 1.000000 0.000000
vn 0.000000 1.000000 0.000000
vn 0.000000 1.000000 0.000000
vn 0.000000 0.000000 -1.000000
vn 0.000000 0.000000 -1.000000
vn 0.000000 0.000000 -1.000000
vn 0.000000 0.000000 -1.000000
vn 0.000000 -1.000000 0.000000
vn 0.000000 -1.000000 0.000000
vn 0.000000 -1.000000 0.000000
vn 0.000000 -1.000000 0.000000
vn 1.000000 0.000000 0.000000
vn 1.000000 0.000000 0.000000
vn 1.000000 0.000000 0.000000
vn 1.000000 0.000000 0.000000
vn -1.000000 0.000000 0.000000
vn -1.000000 0.000000 0.000000
vn -1.000000 0.000000 0.000000
vn -1.000000 0.000000 0.000000
vn 0.000000 0.000000 1.000000
vn 0.000000 0.000000 1.000000
vn 0.000000 0.000000 1.000000
vn 0.000000 0.000000 1.000000
vn 0.000000 1.000000 0.000000
vn 0.000000 1.000000 0.000000
vn 0.000000 1.000000 0.000000
vn 0.000000 1.000000 0.000000
vn 0.000000 0.000000 -1.000000
vn 0.000000 0.000000 -1.000000
vn 0.000000 0.000000 -1.000000
vn 0.000000 0.000000 -1.000000
vn 0.000000 -1.000000 0.000000
vn 0.000000 -1.000000 0.000000
vn 0.000000 -1.000000 0.000000
vn 0.000000 -1.000000 0.000000
vn 1.000000 0.000000 0.000000
vn 1.000000 0.000000 0.000000
vn 1.000000 0.000000 0.000000
vn 1.000000 0.000000 0.000000
vn -1.000000 0.000000 0.000000
vn -1.000000 0.000000 0.000000
vn -1.000000 0.000000 0.000000
vn -1.000000 0.000000 0.000000
vn 0.000000 0.000000 1.000000
vn 0.000000 0.000000 1.000000
vn 0.000000 0.000000 1.000000
vn 0.000000 0.000000 1.000000
vn 0.000000 1.000000 0.000000
vn 0.000000 1.000000 0.000000
vn 0.000000 1.000000 0.000000
vn 0.000000 1.000000 0.000000
vn 0.000000 0.000000 -1.000000
vn 0.000000 0.000000 -1.000000
vn 0.000000 0.000000 -1.000000
vn 0.000000 0.000000 -1.000000
vn 0.000000 -1.000000 0.000000
vn 0.000000 -1.000000 0.000000
vn 0.000000 -1.000000 0.000000
vn 0.000000 -1.000000 0.000000
vn 1.000000 0.000000 0.000000
vn 1.000000 0.000000 0.000000
vn 1.000000 0.000000 0.000000
vn 1.000000 0.000000 0.000000
vn -1.000000 0.000000 0.000000
vn -1.000000 0.000000 0.000000
vn -1.000000 0.000000 0.000000
vn -1.000000 0.000000 0.000000
vn 0.000000 0.000000 1.000000
vn 0.000000 0.000000 1.000000
vn 0.000000 0.000000 1.000000
vn 0.000000 0.000000 1.000000
vn 0.000000 1.000000 0.000000
vn 0.000000 1.000000 0.000000
vn 0.000000 1.000000 0.000000
vn 0.000000 1.000000 0.000000
vn 0.000000 0.000000 -1.000000
vn 0.000000 0.000000 -1.000000
vn 0.000000 0.000000 -1.000000
vn 0.000000 0.000000 -1.000000
vn 0.000000 -1.000000 0.000000
vn 0.000000 -1.000000 0.000000
vn 0.000000 -1.000000 0.000000
vn 0.000000 -1.000000 0.000000
vn 1.000000 0.000000 0.000000
vn 1.000000 0.000000 0.000000
vn 1.000000 0.000000 0.000000
vn 1.000000 0.000000 0.000000
vn -1.000000 0.000000 0.000000
vn -1.000000 0.000000 0.000000
vn -1.000000 0.000000 0.000000
vn -1.000000 0.000000 0.000000
vn 0.000000 0.000000 1.000000
vn 0.000000 0.000000 1.000000
vn 0.000000 0.000000 1.000000
vn 0.000000 0.000000 1.000000
vn 0.000000 1.000000 0.000000
vn 0.000000 1.000000 0.000000
vn 0.000000 1.000000 0.000000
vn 0.000000 1.000000 0.000000
vn 0.000000 0.000000 -1.000000
vn 0.000000 0.000000 -1.000000
vn 0.000000 0.000000 -1.000000
vn 0.000000 0.000000 -1.000000
vn 0.000000 -1.000000 0.000000
vn 0.000000 -1.000000 0.000000
vn 0.000000 -1.000000 0.000000
vn 0.000000 -1.000000 0.000000
vn 1.000000 0.000000 0.000000
vn 1.000000 0.000000 0.000000
vn 1.000000 0.000000 0.000000
vn 1.000000 0.000000 0.000000
vn -1.000000 0.000000 0.000000
vn -1.000000 0.000000 0.000000
vn -1.000000 0.000000 0.000000
vn -1.000000 0.000000 0.000000
252
f 1/1/1 2/2/2 4/4/3 3/3/4
f 3/3/5 4/4/6 6/6/7 5/5/8
f 5/5/9 6/6/10 8/8/11 7/7/12
f 7/7/13 8/8/14 2/10/15 1/9/16
f 2/2/17 8/11/18 6/12/19 4/4/20
f 7/13/21 1/1/22 3/3/23 5/14/24
f 9/15/25 10/16/26 12/17/27 11/18/28
f 11/18/29 12/17/30 14/19/31 13/20/32
f 13/20/33 14/19/34 16/21/35 15/22/36
f 15/22/37 16/21/38 10/23/39 9/24/40
f 10/16/41 16/25/42 14/26/43 12/17/44
f 15/27/45 9/15/46 11/18/47 13/28/48
f 17/29/49 18/30/50 20/31/51 19/32/52
f 19/32/53 20/31/54 22/33/55 21/34/56
f 21/34/57 22/33/58 24/35/59 23/36/60
f 23/36/61 24/35/62 18/37/63 17/38/64
f 18/30/65 24/39/66 22/40/67 20/31/68
f 23/41/69 17/29/70 19/32/71 21/42/72
f 25/43/73 26/44/74 28/45/75 27/46/76
f 27/46/77 28/45/78 30/47/79 29/48/80
f 29/48/81 30/47/82 32/49/83 31/50/84
f 31/50/85 32/49/86 26/51/87 25/52/88
f 26/44/89 32/53/90 30/54/91 28/45/92
f 31/55/93 25/43/94 27/46/95 29/56/96
f 33/57/97 34/58/98 36/59/99 35/60/100
f 35/60/101 36/59/102 38/61/103 37/62/104
f 37/62/105 38/61/106 40/63/107 39/64/108
f 39/64/109 40/63/110 34/65/111 33/66/112
f 34/58/113 40/67/114 38/68/115 36/59/116
f 39/69/117 33/57/118 35/60/119 37/70/120
f 41/71/121 42/72/122 44/73/123 43/74/124
f 43/74/125 44/73/126 46/75/127 45/76/128
f 45/76/129 46/75/130 48/77/131 47/78/132
f 47/78/133 48/77/134 42/79/135 41/80/136
f 42/72/137 48/81/138 46/82/139 44/73/140
f 47/83/141 41/71/142 43/74/143 45/84/144
f 49/85/145 50/86/146 52/87/147 51/88/148
f 51/88/149 52/87/150 53/89/151 37/90/152
f 37/90/153 53/89/154 54/91/155 39/92/156
f 39/92/157 54/91/158 50/93/159 49/94/160
f 50/86/161 54/95/162 53/96/163 52/87/164
f 39/97/165 49/85/166 51/88/167 37/98/168
f 55/99/169 56/100/170 58/101/171 57/102/172
f 57/102/173 58/101/174 59/103/175 12/104/176
f 12/104/177 59/103/178 60/105/179 10/106/180
f 10/106/181 60/105/182 56/107/183 55/108/184
f 56/100/185 60/109/186 59/110/187 58/101/188
f 10/111/189 55/99/190 57/102/191 12/112/192
f 55/113/193 61/114/194 62/115/195 57/116/196
f 57/116/197 62/115/198 51/117/199 63/118/200
f 63/118/201 51/117/202 49/119/203 64/120/204
f 64/120/205 49/119/206 61/121/207 55/122/208
f 61/114/209 49/123/210 51/124/211 62/115/212
f 64/125/213 55/113/214 57/116/215 63/126/216
f 65/127/217 66/128/218 68/129/219 67/130/220
f 67/130/221 68/129/222 70/131/223 69/132/224
f 69/132/225 70/131/226 72/133/227 71/134/228
f 71/134/229 72/133/230 66/135/231 65/136/232
f 66/128/233 72/137/234 70/138/235 68/129/236
f 71/139/237 65/127/238 67/130/239 69/140/240
f 73/141/241 74/142/242 76/143/243 75/144/244
f 75/144/245 76/143/246 78/145/247 77/146/248
f 77/146/249 78/145/250 80/147/251 79/148/252
f 79/148/253 80/147/254 74/149/255 73/150/256
f 74/142/257 80/151/258 78/152/259 76/143/260
f 79/153/261 73/141/262 75/144/263 77/154/264
f 81/155/265 82/156/266 84/157/267 83/158/268
f 83/158/269 84/157/270 86/159/271 85/160/272
f 85/160/273 86/159/274 88/161/275 87/162/276
f 87/162/277 88/161/278 82/163/279 81/164/280
f 82/156/281 88/165/282 86/166/283 84/157/284
f 87/167/285 81/155/286 83/158/287 85/168/288
f 89/169/289 90/170/290 92/171/291 91/172/292
f 91/172/293 92/171/294 94/173/295 93/174/296
f 93/174/297 94/173/298 96/175/299 95/176/300
f 95/176/301 96/175/302 90/177/303 89/178/304
f 90/170/305 96/179/306 94/180/307 92/171/308
f 95/181/309 89/169/310 91/172/311 93/182/312
f 96/183/313 97/184/314 98/185/315 94/186/316
f 94/186/317 98/185/318 99/187/319 5/188/320
f 5/188/321 99/187/322 100/189/323 7/190/324
f 7/190/325 100/189/326 97/191/327 96/192/328
f 97/184/329 100/193/330 99/194/331 98/185/332
f 7/195/333 96/183/334 94/186/335 5/196/336
f 101/197/337 102/198/338 104/199/339 103/200/340
f 103/200/341 104/199/342 106/201/343 105/202/344
f 105/202/345 106/201/346 108/203/347 107/204/348
f 107/204/349 108/203/350 102/205/351 101/206/352
f 102/198/353 108/207/354 106/208/355 104/199/356
f 107/209/357 101/197/358 103/200/359 105/210/360
f 109/211/361 110/212/362 112/213/363 111/214/364
f 111/214/365 112/213/366 114/215/367 113/216/368
f 113/216/369 114/215/370 116/217/371 115/218/372
f 115/218/373 116/217/374 110/219/375 109/220/376
f 110/212/377 116/221/378 114/222/379 112/213/380
f 115/223/381 109/211/382 111/214/383 113/224/384
f 117/225/385 118/226/386 120/227/387 119/228/388
f 119/228/389 120/227/390 122/229/391 121/230/392
f 121/230/393 122/229/394 124/231/395 123/232/396
f 123/232/397 124/231/398 118/233/399 117/234/400
f 118/226/401 124/235/402 122/236/403 120/227/404
f 123/237/405 117/225/406 119/228/407 121/238/408
f 125/239/409 90/240/410 92/241/411 126/242/412
f 126/242/413 92/241/414 75/243/415 127/244/416
f 127/244/417 75/243/418 73/245/419 128/246/420
f 128/246/421 73/245/422 90/247/423 125/248/424
f 90/240/425 73/249/426 75/250/427 92/241/428
f 128/251/429 125/239/430 126/242/431 127/252/432
f 129/253/433 108/254/434 106/255/435 130/256/436
f 130/256/437 106/255/438 132/257/439 131/258/440
f 131/258/441 132/257/442 134/259/443 133/260/444
f 133/260/445 134/259/446 108/261/447 129/262/448
f 108/254/449 134/263/450 132/264/451 106/255/452
f 133/265/453 129/253/454 130/256/455 131/266/456
f 135/267/457 136/268/458 138/269/459 137/270/460
f 137/270/461 138/269/462 83/271/463 139/272/464
f 139/272/465 83/271/466 81/273/467 140/274/468
f 140/274/469 81/273/470 136/275/471 135/276/472
f 136/268/473 81/277/474 83/278/475 138/269/476
f 140/279/477 135/267/478 137/270/479 139/280/480
f 141/281/481 142/282/482 144/283/483 143/284/484
f 143/284/485 144/283/486 146/285/487 145/286/488
f 145/286/489 146/285/490 148/287/491 147/288/492
f 147/288/493 148/287/494 142/289/495 141/290/496
f 142/282/497 148/291/498 146/292/499 144/283/500
f 147/293/501 141/281/502 143/284/503 145/294/504
f 134/295/505 149/296/506 150/297/507 132/298/508
f 132/298/509 150/297/510 151/299/511 121/300/512
f 121/300/513 151/299/514 152/301/515 123/302/516
f 123/302/517 152/301/518 149/303/519 134/304/520
f 149/296/521 152/305/522 151/306/523 150/297/524
f 123/307/525 134/295/526 132/298/527 121/308/528
f 153/309/529 154/310/530 156/311/531 155/312/532
f 155/312/533 156/311/534 157/313/535 29/314/536
f 29/314/537 157/313/538 158/315/539 31/316/540
f 31/316/541 158/315/542 154/317/543 153/318/544
f 154/310/545 158/319/546 157/320/547 156/311/548
f 31/321/549 153/309/550 155/312/551 29/322/552
f 159/323/553 160/324/554 162/325/555 161/326/556
f 161/326/557 162/325/558 164/327/559 163/328/560
f 163/328/561 164/327/562 166/329/563 165/330/564
f 165/330/565 166/329/566 160/331/567 159/332/568
f 160/324/569 166/333/570 164/334/571 162/325/572
f 165/335/573 159/323/574 161/326/575 163/336/576
f 167/337/577 168/338/578 170/339/579 169/340/580
f 169/340/581 170/339/582 172/341/583 171/342/584
f 171/342/585 172/341/586 174/343/587 173/344/588
f 173/344/589 174/343/590 168/345/591 167/346/592
f 168/338/593 174/347/594 172/348/595 170/339/596
f 173/349/597 167/337/598 169/340/599 171/350/600
f 175/351/601 176/352/602 178/353/603 177/354/604
f 177/354/605 178/353/606 180/355/607 179/356/608
f 179/356/609 180/355/610 182/357/611 181/358/612
f 181/358/613 182/357/614 176/359/615 175/360/616
f 176/352/617 182/361/618 180/362/619 178/353/620
f 181/363/621 175/351/622 177/354/623 179/364/624
f 183/365/625 184/366/626 186/367/627 185/368/628
f 185/368/629 186/367/630 188/369/631 187/370/632
f 187/370/633 188/369/634 190/371/635 189/372/636
f 189/372/637 190/371/638 184/373/639 183/374/640
f 184/366/641 190/375/642 188/376/643 186/367/644
f 189/377/645 183/365/646 185/368/647 187/378/648
f 190/379/649 191/380/650 192/381/651 188/382/652
f 188/382/653 192/381/654 194/383/655 193/384/656
f 193/384/657 194/383/658 196/385/659 195/386/660
f 195/386/661 196/385/662 191/387/663 190/388/664
f 191/380/665 196/389/666 194/390/667 192/381/668
f 195/391/669 190/379/670 188/382/671 193/392/672
f 197/393/673 198/394/674 200/395/675 199/396/676
f 199/396/677 200/395/678 202/397/679 201/398/680
f 201/398/681 202/397/682 204/399/683 203/400/684
f 203/400/685 204/399/686 198/401/687 197/402/688
f 198/394/689 204/403/690 202/404/691 200/395/692
f 203/405/693 197/393/694 199/396/695 201/406/696
f 205/407/697 206/408/698 208/409/699 207/410/700
f 207/410/701 208/409/702 210/411/703 209/412/704
f 209/412/705 210/411/706 212/413/707 211/414/708
f 211/414/709 212/413/710 206/415/711 205/416/712
f 206/408/713 212/417/714 210/418/715 208/409/716
f 211/419/717 205/407/718 207/410/719 209/420/720
f 211/421/721 204/422/722 202/423/723 209/424/724
f 209/424/725 202/423/726 214/425/727 213/426/728
f 213/426/729 214/425/730 216/427/731 215/428/732
f 215/428/733 216/427/734 204/429/735 211/430/736
f 204/422/737 216/431/738 214/432/739 202/423/740
f 215/433/741 211/421/742 209/424/743 213/434/744
f 217/435/745 218/436/746 220/437/747 219/438/748
f 219/438/749 220/437/750 221/439/751 207/440/752
f 207/440/753 221/439/754 222/441/755 205/442/756
f 205/442/757 222/441/758 218/443/759 217/444/760
f 218/436/761 222/445/762 221/446/763 220/437/764
f 205/447/765 217/435/766 219/438/767 207/448/768
f 223/449/769 18/450/770 20/451/771 224/452/772
f 224/452/773 20/451/774 226/453/775 225/454/776
f 225/454/777 226/453/778 228/455/779 227/456/780
f 227/456/781 228/455/782 18/457/783 223/458/784
f 18/450/785 228/459/786 226/460/787 20/451/788
f 227/461/789 223/449/790 224/452/791 225/462/792
f 26/463/793 229/464/794 230/465/795 28/466/796
f 28/466/797 230/465/798 232/467/799 231/468/800
f 231/468/801 232/467/802 234/469/803 233/470/804
f 233/470/805 234/469/806 229/471/807 26/472/808
f 229/464/809 234/473/810 232/474/811 230/465/812
f 233/475/813 26/463/814 28/466/815 231/476/816
f 235/477/817 236/478/818 238/479/819 237/480/820
f 237/480/821 238/479/822 200/481/823 239/482/824
f 239/482/825 200/481/826 198/483/827 240/484/828
f 240/484/829 198/483/830 236/485/831 235/486/832
f 236/478/833 198/487/834 200/488/835 238/479/836
f 240/489/837 235/477/838 237/480/839 239/490/840
f 241/491/841 242/492/842 244/493/843 243/494/844
f 243/494/845 244/493/846 246/495/847 245/496/848
f 245/496/849 246/495/850 248/497/851 247/498/852
f 247/498/853 248/497/854 242/499/855 241/500/856
f 242/492/857 248/501/858 246/502/859 244/493/860
f 247/503/861 241/491/862 243/494/863 245/504/864
f 249/505/865 250/506/866 252/507/867 251/508/868
f 251/508/869 252/507/870 254/509/871 253/510/872
f 253/510/873 254/509/874 256/511/875 255/512/876
f 255/512/877 256/511/878 250/513/879 249/514/880
f 250/506/881 256/515/882 254/516/883 252/507/884
f 255/517/885 249/505/886 251/508/887 253/518/888
f 247/519/889 257/520/890 258/521/891 245/522/892
f 245/522/893 258/521/894 69/523/895 259/524/896
f 259/524/897 69/523/898 71/525/899 260/526/900
f 260/526/901 71/525/902 257/527/903 247/528/904
f 257/520/905 71/529/906 69/530/907 258/521/908
f 260/531/909 247/519/910 245/522/911 259/532/912
f 261/533/913 262/534/914 264/535/915 263/536/916
f 263/536/917 264/535/918 266/537/919 265/538/920
f 265/538/921 266/537/922 268/539/923 267/540/924
f 267/540/925 268/539/926 262/541/927 261/542/928
f 262/534/929 268/543/930 266/544/931 264/535/932
f 267/545/933 261/533/934 263/536/935 265/546/936
f 255/547/937 269/548/938 270/549/939 253/550/940
f 253/550/941 270/549/942 272/551/943 271/552/944
f 271/552/945 272/551/946 274/553/947 273/554/948
f 273/554/949 274/553/950 269/555/951 255/556/952
f 269/548/953 274/557/954 272/558/955 270/549/956
f 273/559/957 255/547/958 253/550/959 271/560/960
f 275/561/961 276/562/962 278/563/963 277/564/964
f 277/564/965 278/563/966 279/565/967 219/566/968
f 219/566/969 279/565/970 280/567/971 217/568/972
f 217/568/973 280/567/974 276/569/975 275/570/976
f 276/562/977 280/571/978 279/572/979 278/563/980
f 217/573/981 275/561/982 277/564/983 219/574/984
f 281/575/985 256/576/986 254/577/987 282/578/988
f 282/578/989 254/577/990 284/579/991 283/580/992
f 283/580/993 284/579/994 286/581/995 285/582/996
f 285/582/997 286/581/998 256/583/999 281/584/1000
f 256/576/1001 286/585/1002 284/586/1003 254/577/1004
f 285/587/1005 281/575/1006 282/578/1007 283/588/1008